0 21222171.062 15654194.000 -4121179.168
300 21035723.488 15670462.501 -5030910.919
600 20820152.944 15673518.521 -5931169.729
900 20575290.827 15664694.324 -6820282.445
1200 20301065.022 15645342.854 -7696603.004
1500 19997500.378 15616831.396 -8558515.143
1800 19664718.798 15580535.227 -9404435.013
2100 19302938.941 15537831.290 -10232813.700
2400 18912475.549 15490091.918 -11042139.647
2700 18493738.392 15438678.620 -11830940.983
3000 18047230.856 15384935.972 -12597787.759
3300 17573548.169 15330185.617 -13341294.082
3600 17073375.282 15275720.405 -14060120.159
3900 16547484.407 15222798.698 -14752974.240
4200 15996732.237 15172638.852 -15418614.475
4500 15422056.852 15126413.893 -16055850.666
4800 14824474.328 15085246.424 -16663545.937
5100 14205075.055 15050203.757 -17240618.307
5400 13565019.801 15022293.297 -17786042.170
5700 12905535.505 15002458.202 -18298849.691
6000 12227910.852 14991573.311 -18778132.110
6300 11533491.618 14990441.379 -19223040.955
6600 10823675.818 14999789.611 -19632789.180
6900 10099908.670 15020266.516 -20006652.204
7200 9363677.398 15052439.090 -20343968.875
7500 8616505.887 15096790.329 -20644142.345
7800 7859949.214 15153717.098 -20906640.868
8100 7095588.071 15223528.339 -21130998.513
8400 6325023.104 15306443.643 -21316815.791
8700 5549869.185 15402592.177 -21463760.213
9000 4771749.637 15512011.982 -21571566.753
9300 3992290.436 15634649.631 -21640038.244
9600 3213114.403 15770360.259 -21669045.683
9900 2435835.417 15918907.955 -21658528.464
10200 1662052.657 16079966.528 -21608494.524
10500 893344.901 16253120.630 -21519020.410
10800 131264.907 16437867.244 -21390251.268
11100 -622666.123 16633617.524 -21222400.743
11400 -1366963.951 16839698.993 -21015750.800
11700 -2100186.587 17055358.077 -20770651.457
12000 -2820939.414 17279762.979 -20487520.440
12300 -3527880.139 17512006.882 -20166842.740
12600 -4219723.559 17751111.466 -19809170.093
12900 -4895246.111 17996030.735 -19415120.359
13200 -5553290.204 18245655.133 -18985376.820
13500 -6192768.302 18498815.947 -18520687.377
13800 -6812666.746 18754289.973 -18021863.657
14100 -7412049.308 19010804.435 -17489780.020
14400 -7990060.452 19267042.137 -16925372.468
14700 -8545928.284 19521646.838 -16329637.456
15000 -9078967.201 19773228.817 -15703630.601
15300 -9588580.189 20020370.628 -15048465.277
15600 -10074260.801 20261633.008 -14365311.124
15900 -10535594.768 20495560.925 -13655392.430
16200 -10972261.259 20720689.748 -12919986.415
16500 -11384033.767 20935551.500 -12160421.405
16800 -11770780.620 21138681.188 -11378074.893
17100 -12132465.116 21328623.182 -10574371.487
17400 -12469145.261 21503937.604 -9750780.751
17700 -12780973.135 21663206.726 -8908814.924
18000 -13068193.853 21805041.323 -8050026.542
18300 -13331144.144 21928086.980 -7176005.931
18600 -13570250.542 22031030.309 -6288378.603
18900 -13786027.191 22112605.059 -5388802.534
19200 -13979073.271 22171598.085 -4478965.336
19500 -14150070.051 22206855.155 -3560581.327
19800 -14299777.576 22217286.561 -2635388.494
20100 -14429031.003 22201872.516 -1705145.357
20400 -14538736.591 22159668.305 -771627.740
20700 -14629867.366 22089809.165 163374.551
21000 -14703458.468 21991514.870 1098061.136
21300 -14760602.207 21864093.993 2030624.551
21600 -14802442.836 21706947.834 2959253.807
21900 -14830171.071 21519573.971 3882138.019
22200 -14845018.376 21301569.434 4797470.098
22500 -14848251.037 21052633.471 5703450.490
22800 -14841164.046 20772569.887 6598290.953
23100 -14825074.832 20461288.947 7480218.381
23400 -14801316.858 20118808.829 8347478.635
23700 -14771233.113 19745256.598 9198340.400
24000 -14736169.534 19340868.720 10031099.034
24300 -14697468.389 18905991.077 10844080.417
24600 -14656461.642 18441078.505 11635644.766
24900 -14614464.351 17946693.826 12404190.431
25200 -14572768.112 17423506.396 13148157.632
25500 -14532634.596 16872290.161 13866032.149
25800 -14495289.203 16293921.219 14556348.929
26100 -14461914.871 15689374.908 15217695.622
26400 -14433646.071 15059722.427 15848716.007
26700 -14411563.019 14406126.991 16448113.318
27000 -14396686.131 13729839.554 17014653.445
27300 -14389970.763 13032194.103 17547167.997
27600 -14392302.252 12314602.553 18044557.222
27900 -14404491.292 11578549.256 18505792.770
28200 -14427269.669 10825585.163 18929920.283
28500 -14461286.375 10057321.655 19316061.811
28800 -14507104.134 9275424.074 19663418.029
29100 -14565196.341 8481604.996 19971270.267
29400 -14635944.455 7677617.260 20238982.325
29700 -14719635.835 6865246.812 20466002.079
30000 -14816462.052 6046305.375 20651862.861
30300 -14926517.679 5222622.999 20796184.616
30600 -15049799.563 4396040.526 20898674.828
30900 -15186206.587 3568402.000 20959129.214
31200 -15335539.925 2741547.074 20977432.173
31500 -15497503.785 1917303.436 20953557.005
31800 -15671706.634 1097479.308 20887565.892
32100 -15857662.909 283856.053 20779609.629
32400 -16054795.191 -521819.087 20629927.140
32700 -16262436.836 -1317840.061 20438844.738
33000 -16479835.050 -2102548.876 20206775.175
33300 -16706154.387 -2874342.212 19934216.456
33600 -16940480.656 -3631677.753 19621750.440
33900 -17181825.204 -4373080.217 19270041.231
34200 -17429129.569 -5097147.036 18879833.357
34500 -17681270.459 -5802553.681 18451949.764
34800 -17937065.043 -6488058.590 17987289.615
35100 -18195276.524 -7152507.691 17486825.920
35400 -18454619.950 -7794838.488 16951602.990
35700 -18713768.262 -8414083.705 16382733.747
36000 -18971358.513 -9009374.471 15781396.878
36300 -19225998.249 -9579943.022 15148833.860
36600 -19476272.015 -10125124.937 14486345.873
36900 -19720747.944 -10644360.876 13795290.584
37200 -19957984.412 -11137197.828 13077078.855
37500 -20186536.707 -11603289.873 12333171.347
37800 -20404963.701 -12042398.454 11565075.064
38100 -20611834.474 -12454392.157 10774339.830
38400 -20805734.875 -12839246.017 9962554.713
38700 -20985273.972 -13197040.360 9131344.417
39000 -21149090.390 -13527959.171 8282365.641
39300 -21295858.469 -13832288.036 7417303.425
39600 -21424294.260 -14110411.633 6537867.487
39900 -21533161.295 -14362810.828 5645788.567
40200 -21621276.135 -14590059.362 4742814.777
40500 -21687513.655 -14792820.173 3830707.986
40800 -21730812.055 -14971841.354 2911240.220
41100 -21750177.581 -15127951.790 1986190.114
41400 -21744688.921 -15262056.478 1057339.399
41700 -21713501.292 -15375131.574 126469.453
42000 -21655850.161 -15468219.169 -804642.103
42300 -21571054.634 -15542421.844 -1734224.727
42600 -21458520.468 -15598897.015 -2660518.223
42900 -21317742.711 -15638851.098 -3581775.928
43200 -21148307.966 -15663533.519 -4496267.817
43500 -20949896.268 -15674230.607 -5402283.527
43800 -20722282.570 -15672259.380 -6298135.302
44100 -20465337.843 -15658961.263 -7182160.840
44400 -20179029.781 -15635695.759 -8052726.056
44700 -19863423.121 -15603834.102 -8908227.751
45000 -19518679.566 -15564752.917 -9747096.186
45300 -19145057.340 -15519827.910 -10567797.564
45600 -18742910.353 -15470427.616 -11368836.415
45900 -18312687.003 -15417907.228 -12148757.883
46200 -17854928.608 -15363602.523 -12906149.924
46500 -17370267.494 -15308823.927 -13639645.399
46800 -16859424.730 -15254850.715 -14347924.082
47100 -16323207.540 -15202925.387 -15029714.559
47400 -15762506.389 -15154248.228 -15683796.050
47700 -15178291.762 -15109972.080 -16309000.124
48000 -14571610.659 -15071197.336 -16904212.327
48300 -13943582.804 -15038967.174 -17468373.717
48600 -13295396.592 -15014263.055 -18000482.314
48900 -12628304.800 -14998000.492 -18499594.451
49200 -11943620.057 -14991025.101 -18964826.046
49500 -11242710.109 -14994108.958 -19395353.782
49800 -10526992.891 -15007947.263 -19790416.201
50100 -9797931.425 -15033155.329 -20149314.718
50400 -9057028.555 -15070265.900 -20471414.545
50700 -8305821.550 -15119726.810 -20756145.533
51000 -7545876.592 -15181898.989 -21003002.938
51300 -6778783.161 -15257054.819 -21211548.095
51600 -6006148.345 -15345376.854 -21381409.021
51900 -5229591.088 -15446956.901 -21512280.928
52200 -4450736.406 -15561795.457 -21603926.666
52500 -3671209.584 -15689801.531 -21656177.075
52800 -2892630.370 -15830792.814 -21668931.261
53100 -2116607.202 -15984496.229 -21642156.799
53400 -1344731.471 -16150548.843 -21575889.839
53700 -578571.850 -16328499.140 -21470235.148
54000 180331.291 -16517808.655 -21325366.056
54300 930471.374 -16717853.959 -21141524.328
54600 1670380.968 -16927928.998 -20919019.947
54900 2398637.011 -17147247.769 -20658230.818
55200 3113865.866 -17374947.326 -20359602.378
55500 3814748.197 -17610091.115 -20023647.125
55800 4500023.649 -17851672.620 -19650944.056
56100 5168495.311 -18098619.310 -19242138.013
56400 5819033.945 -18349796.873 -18797938.938
56700 6450581.965 -18604013.730 -18319121.037
57000 7062157.151 -18860025.803 -17806521.840
57300 7652856.084 -19116541.538 -17261041.176
57600 8221857.277 -19372227.143 -16683640.036
57900 8768424.010 -19625712.049 -16075339.341
58200 9291906.831 -19875594.550 -15437218.612
58500 9791745.724 -20120447.627 -14770414.521
58800 10267471.938 -20358824.915 -14076119.355
59100 10718709.458 -20589266.800 -13355579.353
59400 11145176.107 -20810306.630 -12610092.949
59700 11546684.280 -21020476.998 -11841008.896
60000 11923141.305 -21218316.100 -11049724.283
60300 12274549.411 -21402374.114 -10237682.437
60600 12601005.316 -21571219.602 -9406370.718
60900 12902699.426 -21723445.887 -8557318.192
61200 13179914.638 -21857677.393 -7692093.207
61500 13433024.762 -21972575.916 -6812300.840
61800 13662492.551 -22066846.803 -5919580.246
62100 13868867.353 -22139245.003 -5015601.894
62400 14052782.376 -22188580.974 -4102064.699
62700 14214951.598 -22213726.413 -3180693.038
63000 14356166.305 -22213619.782 -2253233.684
63300 14477291.284 -22187271.606 -1321452.624
63600 14579260.677 -22133769.515 -387131.791
63900 14663073.515 -22052283.006 547934.290
64200 14729788.944 -21942067.898 1481941.946
64500 14780521.163 -21802470.462 2413081.875
64800 14816434.088 -21632931.191 3339542.738
65100 14838735.777 -21432988.201 4259514.809
65400 14848672.625 -21202280.242 5171193.690
65700 14847523.353 -20940549.287 6072784.067
66000 14836592.832 -20647642.693 6962503.508
66300 14817205.755 -20323514.927 7838586.289
66600 14790700.183 -19968228.815 8699287.238
66900 14758421.012 -19581956.333 9542885.590
67200 14721713.369 -19164978.918 10367688.838
67500 14681915.989 -18717687.284 11172036.565
67800 14640354.590 -18240580.752 11954304.261
68100 14598335.282 -17734266.090 12712907.088
68400 14557138.051 -17199455.850 13446303.604
68700 14518010.336 -16636966.225 14152999.417
69000 14482160.747 -16047714.416 14831550.767
69300 14450752.946 -15432715.525 15480568.018
69600 14424899.725 -14793078.984 16098719.042
69900 14405657.317 -14130004.530 16684732.497
70200 14394019.966 -13444777.751 17237400.970
70500 14390914.786 -12738765.214 17755583.989
70800 14397196.936 -12013409.196 18238210.871
71100 14413645.142 -11270222.051 18684283.423
71400 14440957.584 -10510780.232 19092878.456
71700 14479748.180 -9736717.994 19463150.121
72000 14530543.276 -8949720.819 19794332.055
72300 14593778.773 -8151518.579 20085739.316
72600 14669797.695 -7343878.493 20336770.121
72900 14758848.227 -6528597.888 20546907.350
73200 14861082.216 -5707496.822 20715719.844
73500 14976554.163 -4882410.592 20842863.463
73800 15105220.690 -4055182.171 20928081.919
74100 15246940.512 -3227654.615 20971207.364
74400 15401474.887 -2401663.472 20972160.753
74700 15568488.559 -1579029.236 20930951.957
75000 15747551.186 -761549.883 20847679.649
75300 15938139.238 49006.469 20722530.938
75600 16139638.362 850908.748 20555780.784
75900 16351346.199 1642469.922 20347791.174
76200 16572475.634 2422053.758 20099010.065
76500 16802158.460 3188081.331 19809970.121
76800 17039449.449 3939037.233 19481287.218
77100 17283330.783 4673475.457 19113658.749
77400 17532716.847 5390024.943 18707861.731
77700 17786459.340 6087394.735 18264750.709
78000 18043352.680 6764378.747 17785255.494
78300 18302139.684 7419860.108 17270378.711
78600 18561517.479 8052815.070 16721193.197
78900 18820143.617 8662316.463 16138839.243
79200 19076642.371 9247536.682 15524521.699
79500 19329611.169 9807750.202 14879506.943
79800 19577627.136 10342335.603 14205119.748
80100 19819253.715 10850777.114 13502740.028
80400 20053047.330 11332665.660 12773799.503
80700 20277564.061 11787699.416 12019778.280
81000 20491366.299 12215683.884 11242201.362
81300 20693029.347 12616531.475 10442635.108
81600 20881147.936 12990260.622 9622683.640
81900 21054342.640 13336994.424 8783985.218
82200 21211266.131 13656958.844 7928208.598
82500 21350609.286 13950480.457 7057049.368
82800 21471107.082 14217983.783 6172226.288
83100 21571544.283 14459988.207 5275477.639
83400 21650760.879 14677104.518 4368557.580
83700 21707657.264 14870031.076 3453232.545
84000 21741199.129 15039549.641 2531277.658
84300 21750422.047 15186520.869 1604473.202
84600 21734435.748 15311879.526 674601.131
84900 21692428.056 15416629.413 -256558.363
85200 21623668.474 15501838.055 -1187230.216
85500 21527511.418 15568631.164 -2115647.800
85800 21403399.080 15618186.906 -3040056.150
86100 21250863.912 15651730.001 -3958715.118
86400 21069530.731 15670525.684 -4869902.452
